0 132 158 15-35 150 155 56 125 130 102 33 82 111 113 74 40-54 94 73 69 98
132 0 32 121 17-43 22-45 122 29-41 7-9 77 107 122 30 39 59 139 38 66 111 55
158 32 0 146 11 7-11 109 57 34 63 135 77 54 49 87 169 66 96 89 68
15-35 121 146 0 138 144 49-118 116 119 93 32-60 69 101 100 63 50 84 66 57 84
150 17-43 11 138 0 5-8 100 46 24 53 126 69 44 45 78 159 57 86 82 63
155 22-45 7-11 144 5-8 0 109 70 34 101 131 146 54 49 83 165 62 92 134 68
56 122 109 49-118 100 109 0 109 112 43 27-41 63 93 72 23-34 60 43 17-30 52 64
125 29-41 57 116 46 70 109 0 38 44-130 95 102 20-53 57 53 124 37 52 99 69
130 7-9 34 119 24 34 112 38 0 67 104 102 21-21 38-45 56 136 35 63 99 54 
102 77 63 93 53 101 43 44-130 67 0 75 27-111 30-44 41 8-33 107 16-80 15-22 29 48
33 107 135 32-60 126 131 27-41 95 104 75 0 64 84 95 84 35-85 69 42 50 85
82 122 77 69 69 146 63 102 102 27-111 64 0 49 31 23 99 38 40 34 22-48
111 30 54 101 44 54 93 20-53 21-21 30-44 84 49 0 39-45 37 116 18-38 43 80 49
113 39 49 100 45 49 72 57 38-45 41 95 31 39-45 0 50 130 35 64 45 19-20
74 59 87 63 78 83 23-34 53 56 8-33 84 23 37 50 0 82 21 17 17-36 45
40-54 139 169 50 159 165 60 124 136 107 35-85 99 116 130 82 0 103 73 86 120
94 38 66 84 57 62 43 37 35 16-80 69 38 18-38 35 21 103 0 32 29 38
73 66 96 66 86 92 17-30 52 63 15-22 42 40 43 64 17 73 32 0 32 61
69 111 89 57 82 134 52 99 99 29 50 34 80 45 17-36 86 29 32 0 35
98 55 68 84 63 68 64 69 54 48 85 22-48 49 19-20 45 120 38 61 35 0